======================================================================
  EFFECTIVE-FEATURES — сравнительный анализ методов отбора признаков
======================================================================
  Окна:          (3, 5, 7, 9)
  Спектральные:  да (9)
  Патчей:        8
  Лимит выборки: 120000
  max_features:  15
  Графики →      C:\Users\Kseteny\Documents\GitHub\Effective-Features-for-Remote-Sensing\output

────────────────────────────────────────────────────────────
ШАГ 1: Загрузка данных
────────────────────────────────────────────────────────────

  Выбрано случайных патчей: 8 из 1911

  Патч 1/8: 31UGP_20200914_S2_3855_1028.tif
    Спектральные признаки (6 нормализованных + NDVI/NDWI/NDBI)...
    Текстурные признаки (окно 3×3)...
    Текстурные признаки (окно 5×5)...
    Текстурные признаки (окно 7×7)...
    Текстурные признаки (окно 9×9)...
  +65,536 пкс | итого: 65,536

  Патч 2/8: 31UFP_20200805_S2_1028_2313.tif
    Спектральные признаки (6 нормализованных + NDVI/NDWI/NDBI)...
    Текстурные признаки (окно 3×3)...
    Текстурные признаки (окно 5×5)...
    Текстурные признаки (окно 7×7)...
    Текстурные признаки (окно 9×9)...
  +65,536 пкс | итого: 131,072

  Патч 3/8: 31UFP_20200914_S2_9252_8995.tif
    Спектральные признаки (6 нормализованных + NDVI/NDWI/NDBI)...
    Текстурные признаки (окно 3×3)...
    Текстурные признаки (окно 5×5)...
    Текстурные признаки (окно 7×7)...
    Текстурные признаки (окно 9×9)...
  +65,536 пкс | итого: 196,608

  Патч 4/8: 31UFP_20200820_S2_5654_0.tif
    Спектральные признаки (6 нормализованных + NDVI/NDWI/NDBI)...
    Текстурные признаки (окно 3×3)...
    Текстурные признаки (окно 5×5)...
    Текстурные признаки (окно 7×7)...
    Текстурные признаки (окно 9×9)...
  +65,536 пкс | итого: 262,144

  Патч 5/8: 31UGP_20200807_S2_4112_5397.tif
    Спектральные признаки (6 нормализованных + NDVI/NDWI/NDBI)...
    Текстурные признаки (окно 3×3)...
    Текстурные признаки (окно 5×5)...
    Текстурные признаки (окно 7×7)...
    Текстурные признаки (окно 9×9)...
  +65,536 пкс | итого: 327,680

  Патч 6/8: 31UFP_20200731_S2_8738_4883.tif
    Спектральные признаки (6 нормализованных + NDVI/NDWI/NDBI)...
    Текстурные признаки (окно 3×3)...
    Текстурные признаки (окно 5×5)...
    Текстурные признаки (окно 7×7)...
    Текстурные признаки (окно 9×9)...
  +65,536 пкс | итого: 393,216

  Патч 7/8: 31UFP_20200917_S2_1028_7710.tif
    Спектральные признаки (6 нормализованных + NDVI/NDWI/NDBI)...
    Текстурные признаки (окно 3×3)...
    Текстурные признаки (окно 5×5)...
    Текстурные признаки (окно 7×7)...
    Текстурные признаки (окно 9×9)...
  +65,536 пкс | итого: 458,752

  Патч 8/8: 31UGP_20200807_S2_2827_2570.tif
    Спектральные признаки (6 нормализованных + NDVI/NDWI/NDBI)...
    Текстурные признаки (окно 3×3)...
    Текстурные признаки (окно 5×5)...
    Текстурные признаки (окно 7×7)...
    Текстурные признаки (окно 9×9)...
  +65,536 пкс | итого: 524,288

────────────────────────────────────────────────────────────
ШАГ 2: Субдискретизация
────────────────────────────────────────────────────────────
  Итоговая выборка: 120,000 пкс, 41 признаков
  Спектральных: 9 | текстурных: 32 | ВСЕГО: 41
  Классы: [1, 2, 3, 4, 5, 6, 7, 8, 9, 11, 13]

────────────────────────────────────────────────────────────
ШАГ 3: Расстояния Махаланобиса и Бхаттачарьи
────────────────────────────────────────────────────────────
   Класс 1 (Непрерывная городская застройка): 96 пкс
   Класс 2 (Прерывистая городская застройка): 2144 пкс
   Класс 3 (Промышленные объекты): 275 пкс
   Класс 4 (Дороги и ж/д пути): 280 пкс
   Класс 5 (Портовые зоны): 933 пкс
   Класс 6 (Аэропорты): 51900 пкс
   Класс 7 (Карьеры): 5465 пкс
   Класс 8 (Пляжи и дюны): 636 пкс
   Класс 9 (Водно-болотные угодья): 31039 пкс
   Класс 11 (Широколиственные леса): 27001 пкс
   Класс 13 (Смешанные леса): 231 пкс

  D_B:
         C1     C2      C3      C4     C5     C6      C7      C8     C9     C11     C13
C1    0.000  3.614   7.808  11.727  4.623  5.840   6.872   6.256  5.936   8.227   8.461
C2    3.614  0.000   4.545   6.132  1.115  2.196   2.780   5.633  2.073   3.585   5.504
C3    7.808  4.545   0.000   9.518  5.232  6.055   6.124  10.270  6.255   8.658  10.624
C4   11.727  6.132   9.518   0.000  6.129  5.572   6.184   8.437  4.762  10.588  13.319
C5    4.623  1.115   5.232   6.129  0.000  2.634   2.448   5.820  2.666   4.108   5.858
C6    5.840  2.196   6.055   5.572  2.634  0.000   2.269   5.310  1.269   3.988   8.191
C7    6.872  2.780   6.124   6.184  2.448  2.269   0.000   8.679  3.084   4.665  11.831
C8    6.256  5.633  10.270   8.437  5.820  5.310   8.679   0.000  4.017   9.640   9.939
C9    5.936  2.073   6.255   4.762  2.666  1.269   3.084   4.017  0.000   1.826   6.499
C11   8.227  3.585   8.658  10.588  4.108  3.988   4.665   9.640  1.826   0.000   9.417
C13   8.461  5.504  10.624  13.319  5.858  8.191  11.831   9.939  6.499   9.417   0.000

  D_M:
        C1     C2     C3     C4     C5     C6     C7     C8     C9    C11    C13
C1   0.000  1.631  2.763  6.458  2.704  2.722  4.079  3.342  3.422  5.148  5.361
C2   1.631  0.000  2.920  3.777  1.136  1.780  2.641  3.285  2.146  3.570  3.326
C3   2.763  2.920  0.000  4.422  3.067  2.667  3.309  4.229  2.722  4.400  5.928
C4   6.458  3.777  4.422  0.000  4.167  3.213  5.314  6.350  2.272  6.766  7.375
C5   2.704  1.136  3.067  4.167  0.000  1.646  2.196  3.706  2.275  3.524  4.009
C6   2.722  1.780  2.667  3.213  1.646  0.000  1.843  3.400  1.888  4.077  3.825
C7   4.079  2.641  3.309  5.314  2.196  1.843  0.000  6.402  2.793  3.887  7.115
C8   3.342  3.285  4.229  6.350  3.706  3.400  6.402  0.000  2.269  6.678  6.296
C9   3.422  2.146  2.722  2.272  2.275  1.888  2.793  2.269  0.000  2.281  2.824
C11  5.148  3.570  4.400  6.766  3.524  4.077  3.887  6.678  2.281  0.000  5.487
C13  5.361  3.326  5.928  7.375  4.009  3.825  7.115  6.296  2.824  5.487  0.000

────────────────────────────────────────────────────────────
ШАГ 4: Отбор признаков (все критерии)
────────────────────────────────────────────────────────────

  >>> Критерий: bhattacharyya (filter)

  Forward Selection (Бхаттачарья): классы (2, 11)
     Шаг 1: признак #33, D_B=0.7558 (+0.7558)
     Шаг 2: признак # 0, D_B=1.0453 (+0.2895)
     Шаг 3: признак # 4, D_B=1.2752 (+0.2299)
     Шаг 4: признак # 3, D_B=1.4204 (+0.1452)
     Шаг 5: признак #25, D_B=1.5832 (+0.1628)
     Шаг 6: признак # 9, D_B=1.7446 (+0.1614)
     Шаг 7: признак # 7, D_B=1.8818 (+0.1372)
     Шаг 8: признак # 1, D_B=2.1205 (+0.2387)
     Шаг 9: признак # 8, D_B=2.2672 (+0.1467)
     Шаг 10: признак # 6, D_B=2.4109 (+0.1437)
     Шаг 11: признак # 2, D_B=2.6092 (+0.1983)
     Шаг 12: признак #10, D_B=2.7278 (+0.1185)
     Шаг 13: признак #34, D_B=2.8917 (+0.1640)
     Шаг 14: признак #26, D_B=3.0150 (+0.1233)
     Шаг 15: признак #17, D_B=3.0891 (+0.0741)
  bhattacharyya: ['Mean_9', 'Norm_B2', 'Norm_B11', 'Norm_B8', 'Mean_7', 'Mean_3', 'NDWI', 'Norm_B3', 'NDBI', 'NDVI', 'Norm_B4', 'Var_3', 'Var_9', 'Var_7', 'Mean_5']

  >>> Критерий: knn (wrapper)

  Forward Selection (kNN): 20000 пкс, 11 классов
  Шаг 1: признак # 2, Acc=0.5894 (+0.5894)
  Шаг 2: признак # 0, Acc=0.6998 (+0.1104)
  Шаг 3: признак # 5, Acc=0.7655 (+0.0657)
  Шаг 4: признак # 8, Acc=0.8014 (+0.0358)
  Шаг 5: признак # 9, Acc=0.8255 (+0.0241)
  Шаг 6: признак # 1, Acc=0.8331 (+0.0076)
  Шаг 7: признак #18, Acc=0.8387 (+0.0057)
  Шаг 8: признак #33, Acc=0.8408 (+0.0021)
     Остановка на шаге 8. Прирост 0.0006 < 0.001
  knn: ['Norm_B4', 'Norm_B2', 'Norm_B12', 'NDBI', 'Mean_3', 'Norm_B3', 'Var_5', 'Mean_9']

────────────────────────────────────────────────────────────
ШАГ 5: Построение рисунков
────────────────────────────────────────────────────────────
    Рисунок 1: graph_01_feature_correlation.png
    Рисунок 2: graph_02_bhatta_heatmap.png
    Рисунок 3: graph_03_maha_heatmap.png
    Рисунок 4: graph_04_forward_bhatta.png
    Рисунок 5: graph_05_forward_knn.png
    Рисунок 6: graph_06_window_frequency.png
    Рисунок 7: graph_07_criteria_agreement.png

======================================================================
ИТОГОВЫЙ ОТЧЁТ
======================================================================
  Признаков всего : 41 (9 спектр. + 32 текст.)
  Объём выборки   : 120,000
  Классов         : 11

  bhattacharyya (15): ['Mean_9', 'Norm_B2', 'Norm_B11', 'Norm_B8', 'Mean_7', 'Mean_3', 'NDWI', 'Norm_B3', 'NDBI', 'NDVI', 'Norm_B4', 'Var_3', 'Var_9', 'Var_7', 'Mean_5']

  knn (8): ['Norm_B4', 'Norm_B2', 'Norm_B12', 'NDBI', 'Mean_3', 'Norm_B3', 'Var_5', 'Mean_9']

  Согласованные (6): ['Mean_3', 'Mean_9', 'NDBI', 'Norm_B2', 'Norm_B3', 'Norm_B4']

  Эксперимент завершён
======================================================================
