
  Графики → c:\Users\Kseteny\Documents\GitHub\Effective-Features-for-Remote-Sensing\output

────────────────────────────────────────────────────────────
ШАГ 1: Загрузка данных
────────────────────────────────────────────────────────────

  Выбрано случайных патчей: 8
  1. 31UGP_20200914_S2_3855_1028.tif
  2. 31UFP_20200805_S2_1028_2313.tif
  3. 31UFP_20200914_S2_9252_8995.tif
  4. 31UFP_20200820_S2_5654_0.tif
  5. 31UGP_20200807_S2_4112_5397.tif
  6. 31UFP_20200731_S2_8738_4883.tif
  7. 31UFP_20200917_S2_1028_7710.tif
  8. 31UGP_20200807_S2_2827_2570.tif

  Патч 1/8: 31UGP_20200914_S2_3855_1028.tif
    Спектральные индексы (NDVI, NDWI, NDBI)...
    Локальные статистики (окно 15×15)...
    Направленные корреляции (0°, 90°, 45°, 135°)...
  +2,560 пкс | итого: 2,560

  Патч 2/8: 31UFP_20200805_S2_1028_2313.tif
    Спектральные индексы (NDVI, NDWI, NDBI)...
    Локальные статистики (окно 15×15)...
    Направленные корреляции (0°, 90°, 45°, 135°)...
  +2,560 пкс | итого: 5,120

  Патч 3/8: 31UFP_20200914_S2_9252_8995.tif
    Спектральные индексы (NDVI, NDWI, NDBI)...
    Локальные статистики (окно 15×15)...
    Направленные корреляции (0°, 90°, 45°, 135°)...
  +2,560 пкс | итого: 7,680

  Патч 4/8: 31UFP_20200820_S2_5654_0.tif
    Спектральные индексы (NDVI, NDWI, NDBI)...
    Локальные статистики (окно 15×15)...
    Направленные корреляции (0°, 90°, 45°, 135°)...
  +2,560 пкс | итого: 10,240

  Патч 5/8: 31UGP_20200807_S2_4112_5397.tif
    Спектральные индексы (NDVI, NDWI, NDBI)...
    Локальные статистики (окно 15×15)...
    Направленные корреляции (0°, 90°, 45°, 135°)...
  +2,560 пкс | итого: 12,800

  Патч 6/8: 31UFP_20200731_S2_8738_4883.tif
    Спектральные индексы (NDVI, NDWI, NDBI)...
    Локальные статистики (окно 15×15)...
    Направленные корреляции (0°, 90°, 45°, 135°)...
  +2,560 пкс | итого: 15,360

  Патч 7/8: 31UFP_20200917_S2_1028_7710.tif
    Спектральные индексы (NDVI, NDWI, NDBI)...
    Локальные статистики (окно 15×15)...
    Направленные корреляции (0°, 90°, 45°, 135°)...
  +2,560 пкс | итого: 17,920

  Патч 8/8: 31UGP_20200807_S2_2827_2570.tif
    Спектральные индексы (NDVI, NDWI, NDBI)...
    Локальные статистики (окно 15×15)...
    Направленные корреляции (0°, 90°, 45°, 135°)...
  +2,560 пкс | итого: 20,480

  Загружено 8 патчей: 20,480 пикселей

────────────────────────────────────────────────────────────
ШАГ 2: Субдискретизация (лимит 120,000 пкс)
────────────────────────────────────────────────────────────
  Итоговая выборка: 20,480 пикселей, 22 признаков
  Классы в выборке: [2, 3, 4, 5, 6, 7, 8, 9, 11, 13]

────────────────────────────────────────────────────────────
ШАГ 3: Расстояния Махаланобиса и Бхаттачарьи
────────────────────────────────────────────────────────────
   Класс 2 (Прерывистая городская застройка): 355 пкс
   Класс 3 (Промышленные объекты): 44 пкс
   Класс 4 (Дороги и ж/д пути): 24 пкс
   Класс 5 (Портовые зоны): 199 пкс
   Класс 6 (Аэропорты): 8829 пкс
   Класс 7 (Карьеры): 970 пкс
   Класс 8 (Пляжи и дюны): 121 пкс
   Класс 9 (Водно-болотные угодья): 5109 пкс
   Класс 11 (Широколиственные леса): 4795 пкс
   Класс 13 (Смешанные леса): 34 пкс

  Расстояния Бхаттачарьи:
        C2      C3       C4      C5      C6      C7       C8      C9     C11     C13
C2   0.000   7.105    9.537   2.353   2.887   4.308    6.508   2.564   3.699   4.537
C3   7.105   0.000   69.280   7.668   9.637  12.392    6.017   8.928   9.948   9.262
C4   9.537  69.280    0.000  12.688  12.267  12.925  192.107  11.824  12.506  19.124
C5   2.353   7.668   12.688   0.000   3.915   5.302    5.456   3.313   4.481   5.556
C6   2.887   9.637   12.267   3.915   0.000   2.460    8.750   0.451   0.968   5.368
C7   4.308  12.392   12.925   5.302   2.460   0.000   18.918   1.723   1.373   5.795
C8   6.508   6.017  192.107   5.456   8.750  18.918    0.000   7.792   9.280  18.683
C9   2.564   8.928   11.824   3.313   0.451   1.723    7.792   0.000   0.501   4.475
C11  3.699   9.948   12.506   4.481   0.968   1.373    9.280   0.501   0.000   5.649
C13  4.537   9.262   19.124   5.556   5.368   5.795   18.683   4.475   5.649   0.000

  Расстояния Махаланобиса:
        C2      C3      C4     C5     C6      C7      C8     C9    C11     C13
C2   0.000   2.394   2.399  1.764  1.223   2.854   4.050  1.051  1.929   1.800
C3   2.394   0.000  22.053  3.216  1.771   5.719   2.524  1.579  2.014   4.387
C4   2.399  22.053   0.000  4.696  1.872   4.702  38.332  2.096  2.513   8.934
C5   1.764   3.216   4.696  0.000  1.273   3.347   3.342  1.014  1.970   3.293
C6   1.223   1.771   1.872  1.273  0.000   1.693   3.002  0.851  1.381   1.716
C7   2.854   5.719   4.702  3.347  1.693   0.000  10.163  1.733  0.815   3.847
C8   4.050   2.524  38.332  3.342  3.002  10.163   0.000  2.515  3.417  10.362
C9   1.051   1.579   2.096  1.014  0.851   1.733   2.515  0.000  1.113   1.329
C11  1.929   2.014   2.513  1.970  1.381   0.815   3.417  1.113  0.000   2.157
C13  1.800   4.387   8.934  3.293  1.716   3.847  10.362  1.329  2.157   0.000

────────────────────────────────────────────────────────────
ШАГ 4: Forward Selection — Бхаттачарья
────────────────────────────────────────────────────────────

  Forward Selection (Бхаттачарья): классы (2, 11)
     Шаг 1: признак # 0, D_B=0.3985 (+0.3985)
     Шаг 2: признак #14, D_B=0.6805 (+0.2820)
     Шаг 3: признак #17, D_B=0.8832 (+0.2028)
     Шаг 4: признак #21, D_B=1.4049 (+0.5216)
     Шаг 5: признак #19, D_B=2.4879 (+1.0830)
     Шаг 6: признак #15, D_B=2.7436 (+0.2557)
     Шаг 7: признак #20, D_B=2.8953 (+0.1516)
     Шаг 8: признак #18, D_B=3.0629 (+0.1677)
     Шаг 9: признак #11, D_B=3.2251 (+0.1621)
     Шаг 10: признак # 2, D_B=3.3751 (+0.1500)

  Бхаттачарья: ['NDVI', 'Mean', 'Rho_Range', 'Rho_135', 'Rho_90', 'Std', 'Rho_45', 'Rho_0', 'Norm_B8A', 'NDBI']

────────────────────────────────────────────────────────────
ШАГ 5: Forward Selection — kNN (5-fold CV)
────────────────────────────────────────────────────────────

  Forward Selection (kNN): 20000 пкс, 10 классов
  Шаг 1: признак #14, Acc=0.4721 (+0.4721)
  Шаг 2: признак #17, Acc=0.6812 (+0.2091)
  Шаг 3: признак #15, Acc=0.8528 (+0.1715)
  Шаг 4: признак #18, Acc=0.9105 (+0.0578)
  Шаг 5: признак # 3, Acc=0.9225 (+0.0120)
  Шаг 6: признак #20, Acc=0.9325 (+0.0100)
  Шаг 7: признак #16, Acc=0.9345 (+0.0020)
     Остановка на шаге 7. Прирост -0.0004 < 0.001

  kNN: ['Mean', 'Rho_Range', 'Std', 'Rho_0', 'Total_Brightness', 'Rho_45', 'Rho_Avg']

────────────────────────────────────────────────────────────
ШАГ 6: Построение рисунков (1–8)
────────────────────────────────────────────────────────────
    Рисунок 1: graph_01_feature_correlation.png
    Рисунок 2: graph_02_class_distributions.png
    Рисунок 3: graph_03_bhatta_heatmap.png
    Рисунок 4: graph_04_maha_heatmap.png
    Рисунок 5: graph_05_forward_bhatta.png
    Рисунок 6: graph_06_forward_ml.png
    Рисунок 7: graph_07_kde_ellipsoids.png
    Рисунок 8: graph_08_feature_histograms.png
    Признаки: ['Mean', 'Rho_Range', 'Std', 'Rho_0', 'Total_Brightness']

======================================================================
ИТОГОВЫЙ ОТЧЁТ
======================================================================

  Количество патчей     : 8
  Признаков всего       : 22
  Объём выборки         : 20,480
  Классов в выборке     : 10

  Forward Selection (Бхаттачарья), классы (2, 11):
    1. NDVI                D_B = 0.3985
    2. Mean                D_B = 0.6805
    3. Rho_Range           D_B = 0.8832
    4. Rho_135             D_B = 1.4049
    5. Rho_90              D_B = 2.4879
    6. Std                 D_B = 2.7436
    7. Rho_45              D_B = 2.8953
    8. Rho_0               D_B = 3.0629
    9. Norm_B8A            D_B = 3.2251
    10. NDBI                D_B = 3.3751

  Forward Selection (kNN), все классы:
    1. Mean                Acc = 47.2%
    2. Rho_Range           Acc = 68.1%
    3. Std                 Acc = 85.3%
    4. Rho_0               Acc = 91.1%
    5. Total_Brightness    Acc = 92.3%
    6. Rho_45              Acc = 93.3%
    7. Rho_Avg             Acc = 93.5%

  Отобрано обоими методами: ['Mean', 'Rho_0', 'Rho_45', 'Rho_Range', 'Std']

  Все рисунки: c:\Users\Kseteny\Documents\GitHub\Effective-Features-for-Remote-Sensing\output

  Эксперимент завершён
======================================================================
